0 0.361923 0.346234 0.091538 0.127615
0 0.501154 0.346234 0.093077 0.131799
0 0.638462 0.343096 0.095385 0.125523
0 0.781154 0.344142 0.096154 0.123431
0 0.922308 0.347280 0.098462 0.127615
0 0.360385 0.544979 0.091538 0.127615
0 0.500385 0.541841 0.091538 0.127615
0 0.639615 0.547071 0.091538 0.127615
0 0.780769 0.546548 0.093846 0.126569
0 0.922308 0.549163 0.095385 0.127615
0 0.359615 0.740586 0.091538 0.127615
0 0.498846 0.742678 0.091538 0.127615
0 0.640385 0.747385 0.093077 0.126569
0 0.780000 0.752092 0.096923 0.131799
0 0.922692 0.751569 0.097692 0.134937
